['another loud whistle center forward local school picked ball play began', 'match began p five minutes fixed time referee called upon captains two teams toss sides', 'days ago went see interesting football match played v', 'football family team sports involve varying degrees kicking ball score goal', 'twice tried hard make ball pass goal post goalkeeper opposing team warded time', 'v got many chances failed score goal', 'large crowd students men town present cheer players', 'soon half time game resumed', 'spite strong opposition forwards carried ball full force goal scored', 'school team took offensive']
[(4, 'goal'), (4, 'ball')]
Topic is: ball
Glove Loading Time: 1.2799999993262645e-06
[-0.058614   0.22189    0.41498   -0.71069   -0.50695    1.21
 -0.57717    0.34741    0.26529   -0.35896    0.26505   -0.38275
 -0.55048    0.39216    0.39308   -0.13044   -1.3479    -0.15261
  0.37358    0.090394   0.51228    0.0744     0.13888   -1.0098
  0.3663     0.40758   -0.92326    1.1415     0.78136    0.51135
 -0.27129   -0.12936    0.73803    0.58277   -0.091934  -0.12404
  0.20573   -0.32015    0.716      0.0089303  0.35965    0.20086
 -0.57216   -0.11163   -0.16669   -0.62619    0.58022    0.62317
  0.2194    -1.0766     0.14112   -0.30228    0.25959   -0.097741
  0.1154    -1.1073     0.54024    0.43326    0.76758    0.023111
  0.30826    1.0608    -0.43061    0.048277   0.15486   -0.3185
  0.94153   -0.55685   -0.29694   -0.31057    0.19406   -0.085869
  0.2574    -0.78283    0.12323    0.7418     0.16042   -0.87271
 -0.46043   -0.28817    0.76976   -1.1592     0.097185  -0.35556
 -1.2792    -0.44701   -0.017807  -0.36076   -0.3144    -0.0091101
  1.0514     0.23928   -0.81127    0.28504    0.1447     0.2569
 -1.5187     0.2411     0.27483    0.068404 ]
Comparison Time: 18.769096106999996
['loud', 'heard', 'deafening', 'muffled']
[-0.22854    0.29302   -0.018262   0.68466    0.058217  -0.6316
 -0.80372    0.12537    0.084838   0.21244   -0.026269   0.70218
  0.44812    0.41498    0.95576   -0.95814   -0.47356    0.55094
  0.88055   -0.84682    0.30529   -0.29999    0.094018   0.26647
  0.68246   -1.011     -0.028228  -0.14043   -0.40209    0.16928
  0.44969    0.37961   -0.055716  -0.18279    0.78879    0.14137
 -0.014485   0.042868   0.39777   -0.72547    0.99108   -0.53029
  0.38054    0.22057   -0.52366    0.040634  -0.27015   -0.40913
 -0.18147   -0.86651    0.13798   -0.40806    0.19116    0.70889
  0.28485   -1.4105     0.50255    0.10527    1.9485     0.78337
  0.32547   -0.010607  -0.60055    0.62572    0.38096    0.012558
 -0.34573   -0.073152   0.38062    0.094483  -0.42103   -0.32339
  0.632     -0.13039    0.38748   -0.98862   -0.14716   -0.14362
 -0.59563   -0.52154    0.92095   -0.20401   -0.38381   -0.74214
 -0.56772    0.05406    0.027712  -0.13511    0.18785   -0.045253
 -0.90564    0.18279    0.41653   -0.47595   -0.30505   -0.050141
  0.3641    -0.15219    0.35202   -0.0081126]
Comparison Time: 19.19124991999999
['switch', 'fixed', 'assuming', 'i.e.']
[-4.8594e-01  6.5316e-01  2.2402e-01  4.0467e-02  3.7666e-02 -8.4057e-02
  1.6753e-01  1.5109e-02  3.5759e-01 -6.1206e-01  1.0961e-01 -1.0427e-01
 -2.6102e-01 -4.7757e-01  2.6865e-01  4.8401e-01 -4.4911e-01  2.1318e-01
  2.5517e-01  9.4471e-01  2.3757e-01 -5.4775e-02 -3.0879e-01 -7.4889e-01
  1.0179e-01 -6.1008e-01  1.2922e-01  2.2266e-01 -5.2178e-01 -1.2978e-01
 -9.0539e-01  1.3227e-01  1.1059e-01 -6.2069e-01  3.2718e-01  6.3332e-02
 -7.4730e-01 -2.5969e-01  4.2784e-02 -5.7131e-01  2.2320e-01  4.7790e-03
  1.2253e-01 -7.0847e-01 -7.6305e-01 -8.4284e-06  5.1220e-01  2.8192e-01
 -1.0766e-02 -4.5573e-01  8.0360e-01 -4.4201e-01  3.8877e-01  1.8245e-01
 -6.7214e-02 -1.8947e+00  3.9873e-01  2.1787e-01  8.3342e-01 -1.0873e-01
 -7.9264e-01  1.6170e+00 -1.0750e-01 -1.9034e-01  1.2970e+00 -8.3642e-01
  7.6657e-01  2.5480e-01  1.1004e-02 -2.6425e-01  2.0111e-01 -3.8512e-02
  3.9242e-01 -1.9028e-01  2.6365e-01  6.9874e-02  1.2455e-01 -4.6034e-01
 -6.7143e-02 -7.6863e-02 -4.2552e-01  7.6770e-03 -5.1627e-02 -3.7439e-01
 -1.2058e+00 -2.1101e-02 -1.2478e-01 -1.0130e-01 -4.7925e-01 -5.8025e-01
 -1.3424e-02  2.2393e-01  1.1680e-01 -7.6362e-01 -3.6746e-01  3.4456e-01
 -1.1674e+00 -8.5602e-01  2.4164e-01  1.1030e+00]
Comparison Time: 18.154151252999995
['exciting', 'intriguing', 'fascinating', 'interesting']
[ 4.2179e-01 -9.6730e-02  1.0657e-01 -2.1117e-01 -5.4202e-01  8.8692e-01
 -1.4038e-01 -1.0424e-01 -1.6009e-01  1.5360e-01 -3.7699e-01  4.5063e-02
  4.4316e-01  3.9670e-01 -5.7958e-01 -3.5208e-01  5.2960e-01 -4.3271e-01
 -2.1603e-01  1.0731e+00 -3.3560e-01  6.7252e-02  5.7345e-01  3.5972e-01
  5.6134e-01 -3.1222e-01 -5.8412e-01 -2.2302e-01  8.1725e-02  5.4772e-01
  3.5482e-01  8.9450e-01  6.9674e-01  6.2971e-02  1.7604e-01  6.7448e-01
  5.9729e-01  4.9058e-01  5.2370e-01 -7.8386e-02 -5.2658e-01 -5.6530e-01
  4.5006e-01 -7.5849e-01 -5.2401e-02  5.1847e-02 -3.2363e-01  7.1197e-01
  5.8238e-01 -7.0496e-01 -1.9225e-01 -1.0275e+00  8.8209e-01  6.8192e-01
 -7.0748e-02 -1.7905e+00 -8.8179e-01 -8.5265e-01  1.3588e+00  1.0301e+00
  2.6106e-01  8.9355e-01  4.3638e-01 -5.8021e-01  1.3251e+00 -5.7793e-01
 -1.4836e-01 -9.2882e-02  3.8736e-01  2.2685e-01 -4.7656e-01  6.8733e-04
  1.0141e-01 -8.1426e-01  3.6058e-01  2.9421e-01 -2.8724e-01 -6.1977e-01
 -1.3356e+00  8.9373e-01 -3.4835e-01  8.1035e-01  6.0648e-01  3.0482e-01
 -1.0622e+00 -1.2440e-01 -7.0532e-01 -7.5184e-01 -6.0592e-01 -5.6799e-01
 -5.7787e-02 -4.7453e-01  1.3328e+00 -2.1134e-01 -9.8781e-01 -4.5881e-01
 -2.9126e-01 -7.7503e-01  8.1423e-01 -3.8642e-01]
Comparison Time: 18.419067733000006
['mother', 'father', 'friends', 'family']
[-0.66772    0.41389    0.38113   -0.37564   -0.31729    0.19133
 -0.83947   -0.41901    0.10672    0.13503    0.53197   -0.51054
  0.043485   0.061847  -0.19814    0.056875   0.0045427 -0.17317
 -0.42174    0.45704    0.71308    0.37164   -0.10179   -0.12869
 -0.0076241  0.38796   -0.49253   -0.92025    0.45588    0.26189
 -0.054385   0.4415    -0.038343   0.018756   0.16545    0.085944
 -0.21138    0.27351    0.5233    -0.31442   -0.385     -0.24025
  0.26987   -0.67099   -0.77148   -0.59052    0.63294   -0.21252
  0.26857   -0.58423   -0.044806  -0.28373    0.22562    1.2917
  0.44927   -2.2907     0.17001    0.63641    1.8547     0.18364
  0.099355   0.51836   -0.7271     0.11626    0.51418   -0.010208
  0.67379    0.37475   -0.090641  -0.90926   -0.04207    0.26995
 -0.24838    0.056224  -0.05224    0.10181   -0.39057    0.10691
  0.13068    0.40385    0.88103    0.37684   -0.76743   -0.20197
 -1.4304    -0.076619   0.067686   0.54507   -0.89556   -0.13005
  0.037827   0.15397   -0.41244    0.26643   -0.329     -0.29211
 -0.43782    0.016949   0.67447    0.37482  ]
Comparison Time: 18.731973119999992
['hard', 'harder', 'enough', 'tough']
[-3.2914e-01  8.2887e-01 -1.4182e-01 -2.7705e-01  1.0944e-02  4.2952e-01
 -5.6005e-01 -7.1940e-02  8.0524e-02 -4.0554e-01  4.3851e-02 -3.1766e-01
  5.2202e-01 -1.6149e-01  4.3372e-02 -3.0606e-01  3.5574e-02  1.0558e-01
 -1.3047e-01  6.7779e-01  4.5329e-01  7.5139e-03  3.0743e-01 -2.5804e-01
  8.5955e-03 -9.3448e-01  6.1153e-04 -5.8644e-01  6.7840e-02 -1.9375e-02
  3.3947e-01  3.0926e-01 -3.9635e-01 -9.4199e-02  1.0550e-02  5.2399e-01
  8.4729e-02  2.8158e-01 -3.3752e-01 -1.9876e-01 -1.1249e+00 -1.9234e-01
 -1.2407e-02 -1.9436e-01  1.0601e-01 -1.8132e-01  6.7892e-01 -1.4356e-01
 -6.3351e-03 -1.0511e-01 -1.5675e-01 -2.8684e-01 -7.8341e-02  8.2427e-01
 -2.1684e-02 -2.1601e+00  3.0517e-01 -3.3368e-01  1.7488e+00  7.0295e-01
 -3.8371e-01  1.6110e+00  4.3974e-01  3.0393e-01  8.9573e-01 -9.3649e-02
  7.2926e-01  1.0061e-01  7.2969e-01 -4.6212e-01 -4.2695e-01  2.0632e-02
 -2.1447e-01 -1.9951e-01  9.0397e-02  1.3428e-01  1.0110e-01  1.3732e-01
 -1.0366e+00  1.2180e-02  1.3090e+00 -2.1578e-01 -3.8930e-01  2.2264e-01
 -2.1672e+00 -4.8762e-02 -4.8350e-01 -3.5004e-01 -6.9585e-01 -2.5604e-01
  3.5456e-02 -2.9506e-01 -3.0143e-01 -1.6867e-01 -1.4708e+00 -2.1042e-01
 -1.0739e+00 -5.7574e-02  6.2466e-01  5.9499e-01]
Comparison Time: 19.185280852999995
['most', 'few', 'some', 'many']
[-0.87364    1.1051    -0.71977    0.35166    0.22365    0.23153
 -0.37941    0.46698    0.3092     0.065826  -0.14766   -0.066801
  0.24272    0.11894   -0.13984   -0.13921    0.043071   0.14963
  0.41009   -0.1139     0.15608    0.32021   -0.12106   -0.56433
  0.34044   -0.27576   -0.28746    0.12139   -0.5749     0.3635
  0.44782   -0.069844   0.10054   -0.35477    0.30884   -0.10581
  0.74677    0.45838   -0.01312   -0.020095  -0.014647  -0.80101
 -0.062913  -0.11687    0.73187   -0.088486   0.40302    0.45706
 -0.065062  -0.010521  -0.21461    0.14057    0.24175    0.67336
 -0.12951   -2.6595    -0.081076  -0.55141    2.1546     0.095677
 -0.45795    1.0711     0.37814    0.68593    1.1912    -0.37919
  0.30515    0.0056043  0.95735    0.041007   0.018179  -0.33099
  0.13831   -0.010589   0.10517   -0.021849  -0.28301   -0.2312
 -0.37836    0.74866    1.6515    -0.11646   -0.64596    0.21062
 -0.93687   -0.79856    0.44815   -0.66311    0.18571   -0.15982
 -0.09025   -0.57068   -0.03635   -0.41282   -0.84714   -0.38274
 -0.5892    -0.22287    0.96966   -0.14695  ]
Comparison Time: 18.691346347000007
['larger', 'large', 'smaller', 'small']
[ 1.1202e-01  6.0857e-01  3.5559e-01 -4.7541e-01 -1.6570e-01  6.8022e-01
  5.7314e-01  6.6956e-01 -3.9293e-01  1.0083e-02  4.1612e-01  2.7564e-01
 -2.8052e-01 -1.2875e-03  5.8628e-01 -4.4036e-01 -4.8366e-01 -1.4547e-01
 -4.1673e-02 -1.7629e-03  1.0677e+00  3.4166e-01 -1.4933e-02  4.8078e-01
  3.5863e-01 -6.5313e-01 -3.0566e-01 -7.9166e-02 -3.5043e-01 -5.5137e-01
 -1.1990e-01  3.0892e-01 -6.6982e-02 -6.2160e-01 -1.8448e-01 -1.3999e-01
 -2.9127e-02  9.5533e-01 -4.9302e-01  4.6709e-02 -1.1300e-01 -6.8351e-01
  2.2175e-01  2.1388e-01  4.2182e-01  9.2370e-02  1.2946e-01 -5.6981e-01
 -4.5071e-02 -6.6510e-01 -8.6060e-02 -1.9644e-01 -3.8581e-01  1.2123e+00
 -2.9542e-01 -2.7512e+00 -9.0135e-01 -3.3484e-01  1.6054e+00  3.3258e-01
  2.6919e-01  6.3194e-01  4.8310e-02  7.4459e-02  3.7498e-01  2.6440e-01
  1.4398e-01  2.4082e-01  1.4641e-01 -3.7470e-02  2.3552e-01  5.1620e-01
  1.8345e-01 -2.4450e-01  1.6372e-01 -1.7593e-01 -9.5505e-01 -1.7822e-01
 -1.6878e-01  3.9878e-01  6.5906e-01  3.5139e-01 -7.3680e-01  3.1649e-01
 -1.3356e+00 -5.7307e-01  7.4928e-02  2.6182e-02  1.8688e-01 -1.0533e-01
 -9.5880e-02  1.2981e-02 -5.4178e-01 -4.0281e-01 -1.4653e+00 -3.1044e-01
  3.0123e-01  1.6388e-01  2.5080e-01 -5.9831e-01]
Comparison Time: 18.568250027000005
['second', 'third', 'half', 'rest']
[-0.1371     0.2788     0.22932   -0.17301    0.094876   0.25184
 -0.025098   0.80015   -0.35182    0.22719    0.15668    0.094635
  0.43624    0.30148    0.36686   -0.32993    0.30704    0.26002
 -0.060933  -0.047014  -0.10995   -0.056535  -0.19239   -0.45714
  0.45459   -0.022814  -0.254     -0.42189    0.10653   -0.2311
 -0.07701   -0.25481   -0.68853   -0.2281     0.19168    0.22662
  0.35106    0.16153   -0.49048    0.2185     0.15638   -0.33568
  0.70814   -0.19403    0.15619    0.097808  -0.017574  -0.60433
  0.2011    -0.69938    0.031138  -0.22898   -0.28033    0.89648
 -0.083557  -2.5624     0.38531   -0.47932    2.207      0.021028
  0.31229    0.62169   -0.63321   -0.014683   0.93631   -0.042204
  0.076973   0.015695  -0.1355    -0.20901    0.53008    0.26952
 -0.0048979 -0.67939    0.157      0.72927   -0.63352   -0.21038
 -0.61834   -0.47206    0.54839   -0.18765    0.21672    0.21941
 -1.0684    -0.18705    0.66431   -0.47162    0.082921  -0.11857
  0.19246    0.30666   -0.056208   0.10204   -0.27021   -0.33203
 -0.17437    0.045726   0.77124    0.50058  ]
Comparison Time: 18.88887125299999
['full', 'complete', 'instead', 'same']
[-0.16829  -0.28788  -0.20002  -1.2099   -0.70997   0.026337  0.76629
 -0.90995  -0.35658   0.79002  -0.40346  -0.46527   0.15     -0.26525
  0.12674   0.87641  -0.39116  -0.55793  -1.1111    0.32266   0.5678
 -0.050887 -0.21326   0.36556   0.19228  -0.10728  -0.33561   0.30731
  0.33129  -0.27654  -0.37359  -0.088314  0.26528  -0.68278  -0.10467
 -1.1958   -0.6678   -0.037177 -0.52395   0.19314   0.23139   0.54794
  0.66097   0.40799   0.24411   0.034413  0.28024  -0.32425   0.26858
 -0.49231   0.32102   0.54713  -0.015772  0.57261   0.57272  -1.9387
  0.34245  -0.82225   1.4349    0.01675  -0.059977  0.50668  -0.42742
 -0.23702   0.75641  -0.43369   0.63176  -0.14543  -0.44273   1.0256
  0.75139  -1.2406   -0.64268  -0.070308 -0.084832  0.16272  -0.83468
  2.0301   -0.13696   0.79393   0.41521  -0.14217  -1.2524   -0.13756
 -1.0684    0.025759  0.76075   0.051043  0.23808  -0.13619  -0.17225
  0.52577  -0.88925   0.57758  -0.65757   0.10703  -0.75155   0.51493
  0.43473   1.0143  ]
Comparison Time: 18.345553494
['offensive', 'attacking', 'blitz', 'defensive']
Finalizing Results
Finished Processing
MCQ Generation Time: 236.097771093
C:\xampp\htdocs\quru\backEnd\venv\Scripts>